7526884626
5452200781
2712082223
4816544151
3282522151
6484663728
1838076573
2081484078
6444055385
4322662358
2120842646
3422454400
5687014832
6016741652
0447873140
7516340660
5570562542
6405188454
8872272275
2368874551
4030140681
8460418502
6585125427
6627318173
2123367112
7111337531
4365273125
7228023315
2067450158
7442365735
3341466867
2667410662
0277484478
7015753506
6018162430
0041228757
4807281126
0610041815
1410234874
1544473280
7806464721
1554143507
1701614801
4383624734
7224201687
5877177688
0718662265
0156380870
3213307003
6864812127
0712820586
4580144667
8180274101
2767646807
2740412363
0316644456
2258385010
8566223256
2552560720
3106350784
1648627871
4471706813
7610055625
4566462116
6040760833
2583806841
3281601156
2801350174
2226245523
5047672732
8468086535
0783303504
6333847048
7211304831
5276701883
7473284135
4805452777
2734522368
0560654161
1836337582
7577553564
7781486770
6835150581
3344768115
4035524567
3738418486
0567328285
7726207033
4100447453
1760242650
1055541836
8886223027
1580548403
1513358566
4675828303
8102152801
4576830525
6636713377
5786883456
7010251187
6800528836
3136522837
6812710655
4447410104
4244615053
5143074578
0048121618
5571645372
7604025600
6432801836
2373173535
1701440006
6161272831
5007751751
2151057080
0433623538
4688437572
3048436215
7566547131
2370045888
2450050467
6043841538
2562401466
5054233732
5076060868
4351686085
6673077244
7258700147
2085534070
3310056405
6034435275
3012876256
1766325455
0425483572
4132063681
5383705564
0444331800
8872736016
2784215130
2636657206
6576220320
2872271313
3483782614
6541313632
8481312275
4867100360
1148475318
3306655657
3842402364
7317114167
1234630432
3124555044
0388370355
7188541408
6857281017
7147286873
6526106487
4657032645
7384740360
3064184416
6264153704
2252150171
2838311021
5271103107
4571266724
3214750147
5615555521
1575706842
5456641304
4404817110
1005772527
0021077334
2820720208
0102366075
0517801542
8005282210
3731471546
3687425200
4018270462
3820414073
1232675175
8671073140
5600562723
1200015133
7315315133
2170855278
3667881685
1537182187
0806654756
2845852781
3650536702
2235180482
4078050672
8725140208
0144657181
3536478555
4722383381
8435872713
6118261450
5274682567
2168442408
1202275207
0581020406
5744765051
1056070721
1428510623
2807613843
7142135432
4382108422
1145021174
6863032253
0473061760
5675840878
1018016237
8641730627
2261148137
6653653708
4347557400
2725276552
0888758314
5153645830
3743888664
3128322234
0841764158
8627544208
6731867850
0680382283
6442846221
3752015165
8864208412
4320508550
4055154668
2453432128
3507770308
8747244355
4045524157
0031831276
0407881512
3328770153
4077188727
8750444163
8171428324
8055725741
8817601787
8512048167
7745238668
4733117615
5726622506
5073112605
6168218778
8861716684
7343266782
6353751824
3072314535
6614784035
6325454366
8318734677
3642624461
7064607038
6031620615
3456454761
5381813556
7237453155
8207544737
6283455750
0414077128
2488017548
2454315007
6102863721
7477853060
0428155772
0503506811
0848402172
6715277357
6314851316
4028325401
0206107156
3286507268
7630158204
8674114770
5048032707
1353381563
0401521772
3201744262
0757585544
2203760053
5211233201
3730804545
0107217235
2361370637
6261741602
8801383304
3427601424
8311140883
1625870022
6508082413
7212043148
1750125663
0252333161
1250776563
7257378035
5177376542
4116750417
0210608240
4764045766
8313844877
4765201005
3723417136
7705750321
5502056152
6018046572
3478574012
0081583253
5424736377
1426312104
5357022033
7002468232
5351756413
4261230776
2671262805
5860773755
4570124384
6215037757
1236215380
4546531682
8112240506
1778173837
7281122303
3280654548
2524248145
4710874058
4100770046
2022710633
7731634572
0310512344
7714488538
6485336752
8660021761
5366657828
0621706662
1160765457
6464472640
7712340351
1783731523
7453658384
7777874784
0327371686
4728417108
2043224386
6072808222
2774811687
3512673208
7207235706
2835401410
6211263827
1013882102
7677207247
5325823026
8603467116
1737713788
5711117475
1716273240
1483862140
1143162473
2053636644
3246220460
1667520715
6671551566
7416143527
1637888473
5886640314
5784004343
4650715521
8151661551
5377728243
5472052451
0174354400
1465062365
7884482686
7681505037
1655800334
6812646683
1638837763
3624225621
8636164763
7837123454
4533248854
6012804474
8152125444
2763725848
0467461483
4888607145
1806647142
2340881810
3511223064
7472512641
8738551712
6500413011
1634328060
2300761213
1065772170
3205236224
3280522384
7775816060
3802886487
7305021307
5267466106
4603321137
3466450638
8105515871
8404365081
6807477826
0327413505
5416556531
7615714066
6075467128
5636647344
2111400403
1871680100
6364400346
8785067530
6170787260
4855478546
1888421333
3311123651
7202041288
3277744445
3073036310
1770287063
3665203403
1807442061
0603366664
0111184812
5842750630
5810747645
1770257043
7510827058
2803011143
5648584326
7122381283
1776473402
2611036447
1733850231
2416615085
8367817403
3623840127
2551777175
3414057356
2032811842
1077537111
3817004455
5088232735
7866855620
0653766002
3105257634
5467363561
8462853177
5654403163
7221035240
5240266813
4654110408
5447354140
2182516612
6414083337
0282803782
1727135558
1887845572
8768723638
4174813334
3000814742
7880671105
1007004570
7623822727
3231201157
6704552578
6201608121
3305682645
3670664521
7133417151
4117645222
3154585576
2041527403
6231675772
7333721230
1612565882
1500865522
2222525062
0518765053
5013243077
0820408483
3347113140
4453622127
0616162872
8218624040
8277706825
6518868340
3376336718
2748786872
4254543861
6785861455
6754666300
2387747036
7221746461
0255728373
1047323544
3723612151
2024460387
0574081434
3246513063
8883024244
4703212437
5441704604
0812773400
1516854683
6325541880
5347538785
6776152540
6353727152
7812245758
1714123234
6628858550
7417481144
5062300310
6573067311
8763367625
6550202842
4078858504
6736127163
7087414770
4656723144
7343831642
6715327828
0256417674
5452253122
4223117003
1428240400
8868602178
2806221232
2136772406
7421410668
7464302375
6878157816
6583255806
2336862437
0113170062
4145654365
6022161621
4777353772
5177477362
3747077661
8681845470
8581613013
3667760041
7346823623
4082538785
6735183214
4511447665
6710887137
3254604303
0765583346
8468236836
2330622221
2482557232
6567757754
8335201788
0882620712
0437704034
3556533443
4871421815
1726678485
2172582017
3348564373
3851063715
1842024726
5780435466
8812055846
8800863727
2227018314
5466520152
2586486701
7462016146
0372208008
0174358687
5485242440
8626724010
1545004467
8774256036
3142054513
2426844011
5823011065
1446351215
0031726125
5652178373
5813755836
8184080733
8048434256
7654881277
2024172704
6558757438
5122760474
8180435824
4281154843
4857880486
6276434871
3387572515
5283885821
4241608563
3755288464
1358254550
1220040821
1560671538
5148582431
1426618331
1885180531
5343838308
1210252173
7506106318
1705845884
6445102018
0868765710
5083644076
6435881005
7466857631
6042462383
8338175648
7413264462
1411560341
4550625077
6203137641
8477676225
2030436040
0376100118
8453181808
2672180643
4302511637
7025040470
0314162338
1578503763
6486054674
5122315474
6200813171
5861246610
8824350203
5107836153
2651707270
1871164775
8171205680
7313216658
0773205673
2307032334
6865302713
2583858078
6820260338
2017588356
2264570220
2208511441
7527625671
3223177186
7241555873
1650702152
6253471732
7037786808
5368635131
3202622351
3662273362
4651625754
3368143524
6618060488
6275138866
4440060645
1445265570
2672183210
2743084372
1374130772
1761286346
4275168012
4241834312
6735342668
2358424567
7617180487
1366045723
4338707535
6547748762
7021538311
1150243835
4430135145
0107418502
6625410807
3627185137
8280774033
4388755344
2212613223
7687773578
3211285587
8046720305
3184672645
5204185827
4063084272
3206720403
1524144700
0723356102
1036328215
1610141418
6020434821
0201120701
8852366170
6420656722
1834876621
2404134848
4883787321
3505221327
4172341743
1110260668
4453830074
3070353800
0473025725
0007883740
7741751612
2651082140
4642333751
8328244455
7532285815
1073685630
1238716824
8764418587
7418056218
0125303707
2023342687
5410437645
7382527670
6815385544
1242616286
0705253660
0156505350
8338507485
0807032716
7545146444
1580756847
7021515501
7084376451
8044684827
1762204445
3282763734
6674201860
8375433402
0702686666
6335367507
2328227373
1087204586
3245543148
8243806274
5417634870
2758228512
3057825856
6467152111
3733235152
6276763472
3241383730
4851175787
0745164611
2467042142
8872600868
1080468715
3158117824
7715417705
1257425455
2012882471
5776802688
1764820303
8142175267
6433146408
2402503484
8140400382
8286507645
5250132386
3001322676
2540662203
0660720878
4233063548
5036275837
8448020641
2573685260
8384428721
4516381871
1740157774
8880231855
3737546762
6406185354
2472334042
6168044835
7560022537
8365442065
4650047377
2280506108
0066613684
5877315278
4141435224
7057274650
2471633530
7665745328
5407122663
8514123626
7305675152
8720201740
7016105071
4772648837
1157517024
1434606424
7221347212
6566303536
6217221166
5837248664
2443476036
2065030565
5266503507
6118417737
0307861623
7641214341
6632408352
5314235368
3855084012
3758537177
2006234470
8640653064
6732657800
8113443265
2381304136
1674220438
2870567556
2661688727
1314008172
3703118406
3820326567
5747758338
4747087862
5672287200
2340862564
7361508173
1764814751
0502610188
5238813652
7052388514
0043566355
5865213818
5241743650
4477124464
3577140402
0635002370
6422330634
3453333247
6253181535
0273566261
3577006071
7046104210
7051035073
2360038748
5338400715
5333122644
8506647275
7407445403
3550508201
4458545124
8402458704
8320666476
7884012253
8150117164
0583787554
2157630365
8730717422
0716238570
0811821626
5184468418
8506347763
7085421746
7122150508
7037462266
5832480601
6313863427
1138487743
1676117364
1636712806
3582580627
3688828512
5435547250
3601467821
6825716125
4231018364
2327031776
8685038876
6043507640
8578026834
7244571514
7037757348
5731432061
2140281701
7145172680
8313326626
0305375627
7566187224
8148058662
1201185716
7068256127
6844467502
0774478405
1135563258
8685208383
7065708464
3545228682
7851222226
7045580504
8515571726
1655703622
5188722017
1762851277
8222383005
5427206041
6714045881
6055728036
0855867158
0330605623
3182411561
3723086352
6112278103
5103440414
0811655474
0835355737
2106156750
3477265727
3387328780
3550460512
2446020450
6238683712
3418804214
7646432626
1387268564
8127763317
2620817651
4288674383
1801286364
6253105013
7651176800
8160030634
5637600452
0887438247
6771507263
8018608132
5824076127
3161182234
7307830666
2477342748
7524023326
1142226663
6076541054
5012623088
4133221016
6536848270
8840572735
2836626476
5152771582
3788047486
1812184546
5617662026
1388542247
1443618203
4441833067
7827556614
4704057804
5671433635
4080254264
6681700150
3110813360
4662370852
1630653265
4775013534
1768366515
5454815130
4110208607
2672347148
7851230282
8322840508
6686325643
1602653815
7852011376
0808303100
8442574252
2157711600
3717006721
6251473104
7417832070
0761085088
2783061707
1184751441
1846557672
7547501621
8230637413
1353546564
7366200072
8615873675
5582771051
8123046115